[cause-1-3.jpg]
filters=finetune2=1,0.000000,0.000000,0.000000,00000000,0.812865;
moddate=53ed6c01d398d601
width=370
height=302
textactive=0
